1 28 19
1 82 25
1 16 45
1 15 4
1 69 41
1 67 2
1 63 49
1 76 23
1 33 6
1 67 45
1 12 39
1 73 28
1 5 12
1 84 48
1 38 48
1 97 17
1 84 28
1 74 44
1 49 26
1 33 35
1 62 22
1 33 34
1 11 5
1 51 29
1 83 10
1 2 35
1 63 15
1 51 35
1 54 45
1 99 43
1 82 34
1 57 31
1 9 28
1 51 7
1 68 40
1 54 8
1 36 36
1 27 40
1 47 33
1 78 48
1 58 40
1 93 36
1 63 14
1 37 29
1 38 26
1 93 7
1 49 18
1 77 38
1 15 44
1 94 19
1 85 14
1 62 12
1 21 38
1 47 22
1 42 16
1 5 35
1 61 35
1 22 29
1 4 36
1 34 25
1 100 45
1 48 43
1 48 33
1 30 6
1 81 25
1 56 35
1 72 21
1 8 23
1 56 29
1 97 11
1 32 20
1 12 35
1 24 24
1 19 12
1 57 25
1 4 14
1 93 48
1 92 7
1 71 31
1 81 37
1 7 11
1 81 32
1 10 5
1 94 33
1 3 31
1 39 23
1 23 9
1 30 5
1 37 35
1 69 42
1 80 21
1 52 25
1 6 40
1 69 14
1 72 33
1 52 49
1 85 5
1 86 50
1 63 32
1 40 27
1 48 31
1 23 42
1 30 43
1 50 18
1 44 26
1 48 29
1 19 17
1 78 24
1 99 21
1 71 8
1 90 17
1 50 12
1 71 2
1 52 6
1 40 47
1 36 46
1 42 24
1 63 3
1 42 27
1 88 26
1 85 34
1 65 5
1 95 36
1 80 10
1 42 48
1 15 47
1 71 43
1 73 41
1 85 8
1 28 12
1 69 46
1 83 45
1 29 24
1 100 5
1 8 30
1 33 24
1 75 23
1 78 33
1 74 27
1 57 35
1 61 32
1 95 41
1 17 6
1 26 39
1 64 48
1 13 7
1 65 18
1 43 11
1 53 23
1 86 24
1 46 29
1 28 4
1 28 22
1 78 28
1 64 49
1 5 48
1 64 3
1 97 37
1 8 37
1 18 2
1 74 19
1 40 43
1 4 46
1 8 5
1 50 36
1 96 29
1 9 34
1 80 30
1 58 36
1 90 46
1 5 42
1 22 3
1 20 12
1 68 15
1 92 22
1 50 22
1 54 15
1 60 34
1 82 32
1 6 34
1 89 37
1 66 8
1 46 35
1 78 36
1 23 26
1 15 48
1 84 34
1 9 8
1 91 42
1 22 38
1 71 15
1 58 38
1 13 32
1 48 6
1 76 46
1 9 9
1 70 36
1 56 40
1 96 4
1 71 10
1 84 49
1 34 43
1 87 11
1 24 27
1 47 29
1 27 25
1 4 21
1 44 11
1 24 40
1 95 9
1 4 16
1 5 2
1 84 29
1 97 7
1 37 23
1 100 16
1 36 25
1 41 17
2 71 36
2 68 22
2 23 17
2 93 45
2 75 40
2 17 49
2 95 3
2 87 30
2 76 44
2 46 45
2 42 4
2 12 30
2 78 22
2 53 43
2 39 15
2 91 8
2 75 35
2 20 8
2 86 15
2 16 14
2 47 37
2 54 30
2 45 13
2 40 3
2 82 20
2 30 47
2 52 14
2 21 40
2 35 43
2 18 40
2 92 50
2 13 4
2 96 13
2 38 36
2 41 31
2 87 40
2 3 28
2 36 18
2 65 10
2 59 7
2 92 46
2 8 28
2 45 40
2 74 34
2 58 12
2 14 20
2 52 44
2 85 49
2 16 31
2 37 23
2 99 32
2 25 29
2 12 18
2 99 31
2 95 48
2 94 11
2 63 44
2 66 26
2 58 12
2 42 35
2 97 50
2 23 13
2 15 3
2 85 30
2 7 5
2 27 14
2 69 42
2 35 43
2 59 16
2 98 48
2 75 39
2 15 5
2 19 23
2 25 11
2 3 44
2 73 12
2 12 42
2 66 17
2 12 39
2 23 23
2 76 33
2 26 47
2 72 34
2 70 17
2 18 43
2 67 41
2 54 26
2 33 44
2 65 45
2 9 23
2 66 7
2 47 45
2 78 49
2 21 27
2 98 17
2 51 46
2 89 11
2 98 27
2 80 40
2 40 32
2 58 43
2 68 24
2 2 14
2 47 45
2 31 36
2 33 29
2 92 50
2 34 11
2 71 14
2 23 12
2 40 41
2 58 36
2 100 4
2 76 28
2 6 31
2 33 12
2 61 24
2 59 29
2 16 37
2 71 3
2 45 20
2 61 6
2 21 43
2 72 31
2 38 10
2 63 5
2 98 36
2 20 6
2 25 18
2 6 9
2 6 35
2 5 31
2 30 50
2 9 32
2 6 25
2 70 11
2 34 42
2 64 33
2 81 42
2 97 14
2 15 28
2 85 21
2 49 46
2 47 43
2 19 40
2 21 31
2 43 48
2 65 15
2 85 20
2 49 22
2 20 11
2 2 49
2 29 18
2 21 30
2 97 32
2 94 49
2 44 36
2 9 27
2 99 32
2 73 28
2 1 13
2 47 47
2 46 28
2 95 25
2 76 14
2 14 27
2 42 30
2 33 14
2 13 6
2 89 48
2 47 40
2 27 17
2 75 31
2 66 27
2 2 36
2 64 48
2 74 32
2 60 47
2 49 39
2 23 29
2 86 4
2 2 17
2 85 15
2 49 7
2 11 4
2 18 7
2 86 11
2 92 44
2 18 36
3 67 22
3 68 36
3 48 42
3 11 26
3 95 49
3 75 24
3 63 17
3 42 50
3 60 17
3 50 11
3 39 37
3 41 36
3 30 46
3 83 42
3 1 39
3 65 37
3 84 14
3 33 20
3 29 32
3 73 23
3 7 37
3 99 50
3 19 50
3 86 45
3 42 35
3 74 11
3 82 45
3 22 38
3 79 21
3 5 17
3 13 15
3 30 4
3 99 14
3 7 43
3 51 7
3 5 16
3 93 50
3 24 12
3 20 9
3 74 30
3 71 11
3 74 13
3 14 9
3 20 46
3 72 39
3 85 42
3 23 37
3 74 8
3 52 23
3 31 18
3 43 4
3 44 50
3 82 21
3 63 12
3 68 45
3 54 46
3 59 34
3 57 17
3 96 35
3 78 20
3 31 29
3 14 50
3 38 26
3 49 4
3 18 37
3 32 41
3 14 19
3 72 39
3 67 36
3 98 7
3 39 19
3 16 34
3 24 50
3 100 27
3 67 22
3 23 9
3 38 43
3 5 15
3 33 38
3 66 36
3 14 4
3 78 19
3 19 36
3 1 5
3 99 26
3 72 27
3 27 21
3 23 48
3 29 9
3 17 17
3 80 42
3 83 32
3 13 11
3 54 35
3 78 7
3 35 8
3 88 15
3 46 50
3 29 35
3 80 39
3 19 38
3 63 5
3 84 38
3 31 5
3 90 12
3 41 49
3 45 30
3 82 42
3 28 36
3 34 34
3 95 24
3 74 28
3 93 7
3 28 24
3 14 45
3 19 46
3 13 27
3 81 7
3 94 23
3 33 9
3 5 21
3 45 50
3 40 18
3 91 26
3 90 45
3 20 39
3 88 19
3 64 4
3 3 47
3 82 38
3 63 16
3 29 28
3 95 37
3 84 49
3 77 45
3 91 40
3 66 10
3 22 11
3 16 38
3 45 4
3 31 4
3 52 5
3 26 21
3 32 9
3 30 36
3 15 33
3 7 36
3 80 44
3 60 34
3 43 27
3 80 13
3 90 29
3 43 15
3 3 13
3 46 50
3 33 4
3 82 32
3 100 10
3 48 36
3 15 20
3 42 16
3 19 32
3 32 35
3 68 24
3 98 35
3 8 22
3 86 50
3 57 4
3 76 48
3 77 20
3 26 24
3 98 44
3 65 12
3 99 20
3 19 37
3 11 40
3 76 41
3 51 9
3 70 26
3 63 19
3 37 23
3 71 29
3 41 7
3 93 43
3 91 39
3 16 39
3 11 39
3 64 44
3 83 37
3 2 29
3 13 18
3 40 18
3 57 31
3 33 11
3 19 26
3 95 27
4 32 24
4 48 27
4 1 31
4 45 48
4 81 10
4 25 46
4 45 10
4 2 45
4 49 9
4 97 41
4 61 5
4 22 26
4 97 40
4 96 24
4 75 26
4 49 5
4 4 21
4 97 14
4 32 5
4 65 25
4 43 8
4 30 43
4 52 27
4 51 28
4 5 6
4 66 43
4 97 29
4 54 11
4 50 24
4 57 40
4 65 20
4 64 49
4 71 38
4 92 49
4 12 15
4 51 11
4 83 16
4 74 48
4 77 46
4 72 47
4 47 34
4 26 49
4 53 18
4 83 17
4 99 42
4 44 27
4 12 40
4 84 40
4 70 32
4 18 25
4 25 16
4 91 15
4 53 36
4 13 19
4 93 20
4 6 49
4 90 46
4 53 30
4 60 30
4 25 37
4 49 19
4 90 49
4 86 31
4 15 27
4 26 37
4 4 28
4 78 44
4 5 17
4 88 12
4 32 17
4 43 37
4 90 6
4 38 34
4 48 37
4 99 43
4 98 46
4 16 50
4 25 6
4 38 13
4 29 38
4 43 47
4 24 26
4 27 12
4 66 5
4 83 27
4 50 7
4 2 42
4 56 12
4 70 50
4 62 31
4 89 50
4 65 48
4 9 22
4 80 15
4 43 13
4 16 42
4 53 31
4 79 47
4 16 43
4 40 20
4 29 6
4 38 22
4 47 38
4 76 26
4 31 41
4 94 25
4 100 39
4 34 40
4 72 12
4 28 42
4 83 26
4 79 29
4 90 20
4 93 50
4 46 47
4 64 42
4 67 37
4 8 16
4 77 41
4 7 44
4 90 48
4 93 47
4 20 28
4 58 40
4 8 46
4 92 35
4 64 16
4 76 14
4 42 43
4 70 16
4 84 11
4 100 17
4 48 14
4 48 16
4 43 37
4 52 31
4 25 9
4 16 24
4 4 8
4 1 34
4 28 48
4 59 5
4 46 5
4 46 13
4 23 5
4 87 11
4 82 34
4 60 16
4 49 9
4 55 9
4 13 13
4 31 23
4 52 43
4 19 6
4 84 42
4 65 32
4 100 7
4 94 11
4 92 43
4 7 20
4 96 41
4 46 33
4 70 12
4 94 36
4 92 44
4 15 11
4 51 18
4 37 39
4 23 26
4 69 22
4 21 38
4 45 34
4 45 5
4 44 23
4 93 14
4 31 29
4 79 19
4 54 12
4 83 11
4 22 42
4 43 48
4 2 32
4 30 23
4 56 11
4 52 11
4 3 11
4 37 23
4 24 17
4 82 44
4 71 38
4 20 6
4 86 45
4 70 42
4 10 41
4 17 13
4 79 35
4 2 5
4 1 45
4 1 25
4 59 29
4 57 16
4 4 36
4 98 35
4 80 50
4 29 7
4 62 25
4 4 19
4 92 13
4 5 44
4 38 32
4 14 29
4 12 14
4 55 26
4 93 47
5 51 33
5 37 20
5 33 11
5 90 37
5 69 30
5 86 31
5 96 28
5 35 25
5 37 23
5 64 13
5 18 8
5 84 48
5 40 26
5 16 47
5 76 13
5 94 45
5 24 43
5 46 42
5 48 22
5 25 14
5 27 34
5 11 13
5 92 28
5 31 31
5 48 17
5 21 34
5 48 27
5 3 36
5 97 41
5 20 47
5 14 25
5 36 13
5 52 25
5 69 16
5 15 21
5 37 43
5 83 10
5 88 49
5 69 37
5 80 42
5 25 22
5 16 38
5 94 37
5 50 23
5 49 29
5 71 10
5 46 6
5 48 37
5 27 6
5 19 7
5 96 35
5 68 11
5 45 19
5 45 16
5 66 42
5 85 6
5 96 13
5 78 11
5 97 44
5 56 43
5 80 49
5 91 38
5 87 37
5 20 42
5 70 28
5 44 47
5 54 43
5 66 10
5 100 50
5 38 32
5 99 41
5 12 14
5 51 24
5 42 50
5 85 19
5 69 36
5 64 40
5 11 13
5 44 22
5 53 27
5 39 40
5 67 49
5 64 10
5 24 26
5 95 35
5 76 8
5 31 26
5 1 49
5 18 40
5 1 14
5 67 9
5 41 34
5 54 7
5 54 17
5 20 22
5 97 13
5 74 31
5 60 32
5 23 48
5 71 19
5 9 24
5 15 47
5 28 45
5 24 50
5 100 24
5 69 12
5 7 33
5 53 44
5 12 20
5 48 35
5 96 24
5 60 7
5 18 21
5 42 45
5 13 41
5 61 48
5 6 12
5 61 27
5 68 25
5 69 32
5 10 12
5 97 8
5 34 27
5 74 7
5 51 6
5 54 29
5 18 28
5 13 6
5 27 49
5 49 41
5 10 42
5 92 12
5 94 45
5 20 9
5 53 36
5 77 25
5 19 9
5 77 23
5 46 29
5 35 40
5 82 18
5 42 24
5 100 11
5 92 42
5 82 31
5 19 37
5 65 45
5 66 43
5 96 18
5 9 8
5 80 35
5 88 46
5 31 16
5 100 27
5 92 47
5 83 44
5 93 40
5 59 27
5 90 46
5 44 18
5 55 35
5 43 12
5 37 16
5 69 47
5 50 42
5 78 37
5 87 27
5 86 34
5 93 44
5 10 26
5 31 19
5 36 36
5 30 7
5 33 8
5 3 17
5 4 27
5 11 8
5 56 42
5 37 35
5 76 29
5 26 18
5 93 41
5 60 41
5 24 30
5 8 46
5 41 23
5 37 22
5 29 23
5 69 13
5 29 13
5 75 6
5 15 24
5 73 37
5 76 28
5 67 30
5 23 39
5 92 45
5 97 19
5 81 10
6 1 35
6 40 46
6 17 19
6 74 27
6 50 41
6 8 24
6 49 31
6 1 40
6 68 39
6 31 27
6 10 36
6 95 42
6 64 11
6 34 40
6 84 35
6 87 49
6 45 45
6 4 18
6 25 21
6 85 29
6 65 35
6 87 37
6 9 7
6 94 43
6 34 25
6 23 14
6 90 31
6 14 49
6 5 7
6 90 9
6 34 16
6 37 19
6 74 32
6 41 14
6 22 8
6 35 38
6 97 35
6 16 15
6 93 29
6 12 49
6 8 39
6 11 13
6 90 45
6 57 29
6 19 30
6 26 36
6 2 29
6 4 39
6 92 50
6 88 36
6 16 27
6 28 39
6 17 16
6 31 32
6 71 40
6 14 42
6 47 24
6 32 37
6 91 13
6 36 48
6 64 27
6 46 35
6 75 26
6 71 50
6 41 17
6 29 42
6 9 32
6 19 24
6 57 47
6 16 47
6 16 27
6 93 45
6 78 34
6 12 43
6 23 8
6 80 35
6 42 29
6 63 39
6 93 7
6 97 11
6 87 9
6 75 27
6 54 29
6 79 11
6 89 18
6 39 27
6 68 36
6 82 16
6 2 32
6 74 18
6 72 47
6 10 37
6 28 16
6 6 9
6 58 10
6 96 7
6 45 19
6 61 42
6 21 39
6 6 19
6 85 37
6 71 9
6 78 17
6 13 50
6 78 24
6 99 17
6 19 49
6 1 29
6 77 29
6 64 41
6 92 21
6 97 9
6 43 11
6 61 43
6 19 31
6 70 37
6 4 39
6 67 25
6 66 7
6 79 19
6 5 42
6 28 37
6 53 49
6 50 40
6 58 32
6 57 14
6 41 11
6 59 43
6 9 42
6 60 20
6 25 23
6 76 45
6 50 10
6 78 19
6 27 48
6 94 10
6 95 31
6 19 43
6 33 38
6 90 22
6 1 26
6 58 10
6 64 46
6 56 12
6 58 30
6 79 16
6 24 48
6 27 37
6 20 45
6 96 16
6 76 32
6 74 46
6 94 39
6 55 8
6 4 43
6 12 15
6 56 36
6 21 12
6 99 46
6 12 50
6 61 20
6 99 29
6 10 21
6 90 27
6 72 34
6 39 37
6 15 9
6 29 47
6 72 33
6 69 34
6 83 24
6 83 19
6 31 30
6 90 44
6 81 47
6 41 36
6 51 30
6 100 8
6 4 40
6 31 16
6 84 21
6 18 36
6 3 38
6 4 27
6 81 42
6 71 50
6 98 35
6 90 10
6 79 7
6 64 41
6 37 42
6 53 20
6 64 14
6 51 25
6 89 35
6 14 36
6 96 17
6 7 27
6 33 43
6 13 29
6 82 22
6 44 36
6 50 28
7 45 26
7 48 13
7 52 41
7 59 12
7 86 50
7 1 27
7 90 34
7 28 47
7 8 44
7 4 48
7 14 28
7 68 27
7 71 46
7 57 36
7 71 13
7 29 40
7 70 31
7 70 27
7 33 34
7 35 9
7 13 44
7 90 48
7 43 28
7 80 16
7 75 26
7 57 26
7 93 34
7 17 38
7 16 20
7 10 10
7 52 48
7 41 40
7 74 37
7 24 44
7 24 47
7 91 47
7 57 13
7 79 40
7 92 9
7 65 15
7 47 24
7 83 19
7 46 11
7 31 36
7 49 43
7 68 23
7 93 33
7 42 18
7 96 8
7 78 27
7 30 21
7 71 30
7 40 24
7 20 35
7 30 37
7 45 26
7 73 16
7 38 38
7 24 20
7 77 10
7 55 30
7 83 9
7 16 26
7 61 18
7 98 26
7 84 48
7 8 11
7 60 21
7 100 25
7 79 9
7 31 39
7 94 29
7 57 44
7 100 35
7 88 16
7 4 37
7 48 31
7 7 15
7 54 33
7 43 17
7 15 32
7 88 25
7 9 31
7 5 12
7 1 27
7 91 29
7 77 13
7 85 27
7 74 50
7 76 12
7 51 31
7 13 27
7 6 39
7 42 19
7 73 24
7 81 30
7 79 13
7 55 25
7 20 25
7 35 37
7 6 36
7 34 26
7 13 32
7 17 44
7 60 20
7 33 48
7 84 33
7 61 14
7 99 14
7 4 12
7 52 34
7 79 34
7 84 10
7 6 12
7 44 12
7 14 45
7 31 11
7 84 43
7 78 30
7 44 16
7 44 24
7 60 16
7 74 13
7 69 47
7 34 12
7 5 33
7 88 10
7 61 28
7 8 24
7 83 21
7 59 24
7 12 26
7 75 32
7 53 29
7 13 25
7 32 46
7 80 9
7 66 21
7 66 13
7 10 29
7 45 24
7 39 47
7 5 45
7 1 18
7 99 32
7 90 10
7 53 26
7 36 30
7 62 9
7 86 25
7 86 20
7 91 21
7 71 50
7 18 19
7 91 45
7 79 32
7 22 16
7 22 39
7 68 11
7 15 13
7 63 18
7 96 22
7 38 35
7 49 17
7 36 8
7 25 21
7 34 19
7 27 13
7 43 9
7 84 36
7 65 14
7 62 44
7 49 35
7 51 41
7 9 28
7 53 37
7 65 12
7 93 11
7 23 47
7 31 9
7 54 9
7 26 8
7 48 15
7 45 37
7 20 12
7 95 44
7 82 27
7 10 44
7 53 49
7 70 36
7 30 17
7 22 48
7 97 23
7 48 47
7 97 42
7 36 28
7 81 18
7 91 38
7 22 32
7 25 42
7 74 10
7 47 39
7 42 39
7 71 43
7 61 42
7 64 44
7 12 45
7 71 42
7 32 39
7 67 46
7 4 42
7 49 23
7 94 42
7 52 49
7 40 21
7 67 24
7 9 12
7 68 28
7 8 26
7 52 9
7 44 13
7 92 44
8 51 36
8 54 36
8 85 28
8 48 14
8 73 19
8 94 22
8 55 18
8 70 40
8 30 32
8 48 34
8 37 35
8 75 50
8 11 31
8 74 13
8 15 10
8 33 15
8 6 47
8 18 29
8 62 30
8 50 34
8 67 36
8 58 16
8 90 32
8 32 9
8 11 50
8 22 37
8 80 16
8 72 32
8 57 45
8 44 44
8 76 12
8 20 30
8 88 40
8 14 43
8 34 14
8 63 26
8 11 46
8 40 17
8 97 24
8 70 44
8 26 37
8 39 47
8 95 16
8 43 33
8 58 48
8 26 38
8 26 44
8 19 25
8 4 39
8 1 40
8 67 19
8 21 19
8 72 22
8 61 42
8 34 25
8 15 27
8 30 35
8 92 31
8 81 22
8 48 46
8 23 34
8 22 36
8 64 9
8 81 22
8 94 31
8 21 45
8 35 50
8 88 47
8 26 39
8 62 35
8 68 25
8 85 34
8 50 20
8 10 12
8 51 48
8 82 31
8 81 30
8 17 18
8 46 34
8 11 26
8 26 23
8 70 24
8 12 40
8 3 34
8 53 31
8 88 39
8 2 14
8 61 47
8 45 39
8 76 46
8 17 43
8 10 43
8 10 14
8 8 41
8 6 15
8 24 16
8 68 16
8 23 34
8 64 29
8 57 42
8 20 19
8 9 32
8 41 34
8 85 36
8 55 35
8 44 21
8 34 10
8 83 44
8 33 10
8 40 27
8 21 9
8 40 10
8 28 42
8 4 25
8 11 37
8 41 18
8 93 50
8 28 37
8 88 9
8 42 34
8 17 16
8 29 18
8 27 40
8 30 45
8 42 49
8 12 27
8 77 19
8 12 11
8 30 10
8 83 29
8 21 25
8 13 48
8 38 39
8 24 18
8 17 23
8 29 49
8 87 45
8 99 31
8 11 19
8 4 18
8 47 20
8 56 36
8 19 12
8 71 34
8 33 27
8 51 49
8 21 28
8 87 34
8 75 21
8 83 14
8 65 21
8 34 30
8 21 12
8 30 21
8 100 19
8 94 41
8 91 43
8 57 30
8 99 27
8 45 44
8 97 10
8 74 34
8 48 26
8 50 11
8 17 27
8 31 17
8 61 25
8 9 12
8 43 25
8 100 12
8 57 44
8 44 49
8 3 43
8 94 46
8 41 17
8 85 19
8 1 48
8 23 26
8 87 13
8 33 19
8 81 34
8 6 48
8 43 37
8 41 9
8 26 23
8 28 19
8 23 12
8 87 33
8 63 48
8 20 9
8 13 35
8 69 40
8 60 41
8 12 44
8 72 15
8 7 46
8 95 15
9 19 39
9 59 29
9 34 19
9 60 32
9 15 29
9 84 22
9 3 14
9 86 39
9 13 12
9 60 32
9 85 37
9 10 39
9 50 40
9 71 33
9 43 31
9 19 43
9 95 15
9 46 13
9 27 13
9 70 33
9 28 37
9 98 32
9 89 16
9 47 10
9 32 25
9 96 45
9 49 28
9 8 50
9 55 22
9 90 49
9 38 46
9 62 40
9 24 35
9 62 28
9 41 12
9 93 24
9 1 25
9 62 46
9 4 14
9 74 27
9 96 25
9 57 22
9 78 13
9 31 35
9 65 42
9 7 17
9 94 20
9 12 10
9 78 44
9 91 28
9 99 19
9 1 11
9 6 31
9 3 16
9 53 46
9 50 40
9 68 48
9 74 46
9 51 25
9 39 22
9 40 21
9 47 42
9 40 40
9 66 21
9 38 40
9 59 48
9 87 12
9 22 15
9 23 35
9 2 47
9 96 30
9 79 36
9 78 42
9 30 46
9 25 11
9 87 33
9 51 35
9 8 20
9 46 22
9 35 15
9 10 45
9 54 38
9 66 28
9 84 26
9 84 38
9 41 45
9 60 43
9 83 36
9 88 27
9 4 21
9 97 42
9 64 37
9 74 39
9 66 46
9 67 48
9 64 26
9 95 23
9 98 10
9 64 20
9 43 46
9 67 14
9 55 48
9 39 49
9 57 12
9 67 37
9 16 26
9 83 45
9 22 50
9 61 23
9 80 27
9 68 21
9 99 15
9 52 50
9 30 41
9 28 48
9 67 11
9 96 42
9 55 17
9 57 24
9 57 32
9 80 50
9 43 11
9 55 29
9 43 13
9 50 40
9 66 10
9 71 37
9 61 49
9 2 45
9 71 36
9 59 22
9 1 20
9 12 28
9 59 39
9 69 13
9 20 46
9 95 44
9 45 15
9 29 23
9 77 27
9 55 29
9 14 28
9 35 48
9 57 40
9 82 24
9 85 17
9 3 41
9 49 13
9 7 34
9 49 21
9 13 22
9 4 40
9 96 43
9 90 44
9 65 10
9 13 10
9 94 40
9 76 32
9 26 33
9 57 29
9 98 46
9 36 39
9 9 11
9 25 30
9 100 48
9 5 24
9 90 31
9 66 47
9 57 38
9 74 38
9 18 37
9 88 16
9 70 49
9 31 13
9 66 19
9 91 38
9 79 45
9 4 13
9 25 26
9 91 10
9 36 35
9 41 47
9 35 20
9 88 24
9 55 23
9 97 43
9 96 17
9 20 21
9 2 21
9 34 41
9 88 49
9 19 10
9 1 38
9 32 46
9 99 46
9 37 34
9 32 33
9 45 44
9 28 19
9 89 11
9 68 26
9 69 42
9 27 37
9 23 15
9 47 48
10 95 34
10 14 14
10 51 12
10 51 28
10 86 46
10 85 28
10 11 29
10 56 25
10 87 34
10 43 26
10 79 18
10 30 30
10 55 15
10 91 22
10 67 40
10 63 23
10 36 33
10 77 26
10 32 29
10 88 11
10 49 33
10 4 26
10 34 23
10 7 48
10 35 35
10 49 27
10 8 25
10 45 47
10 81 32
10 31 33
10 12 28
10 71 41
10 23 43
10 33 35
10 74 42
10 54 40
10 2 24
10 29 43
10 1 15
10 30 39
10 73 16
10 33 47
10 26 49
10 71 38
10 94 29
10 67 37
10 55 18
10 60 28
10 89 24
10 73 17
10 7 50
10 93 43
10 54 27
10 18 17
10 71 31
10 71 21
10 44 50
10 61 14
10 21 30
10 1 50
10 32 40
10 91 48
10 50 39
10 24 19
10 77 15
10 54 14
10 57 31
10 50 25
10 93 23
10 8 35
10 76 31
10 6 45
10 96 11
10 28 17
10 63 42
10 67 41
10 36 17
10 88 35
10 71 39
10 88 48
10 22 21
10 4 37
10 61 34
10 16 22
10 61 16
10 39 21
10 41 12
10 49 37
10 33 15
10 73 13
10 31 44
10 87 21
10 50 33
10 34 25
10 93 50
10 73 13
10 36 12
10 15 41
10 79 29
10 30 28
10 86 17
10 41 31
10 77 45
10 19 43
10 10 22
10 85 18
10 49 22
10 19 49
10 58 34
10 54 20
10 21 14
10 91 35
10 87 34
10 78 30
10 9 29
10 24 25
10 40 36
10 90 43
10 5 44
10 50 30
10 39 22
10 92 18
10 17 47
10 51 19
10 68 41
10 9 46
10 7 22
10 97 33
10 93 47
10 84 14
10 40 41
10 20 50
10 3 46
10 60 49
10 13 27
10 61 31
10 5 45
10 34 28
10 38 34
10 95 28
10 67 40
10 65 14
10 43 48
10 46 12
10 50 46
10 85 12
10 16 33
10 14 37
10 1 33
10 70 18
10 82 14
10 4 12
10 79 17
10 27 43
10 82 24
10 23 11
10 92 36
10 71 47
10 32 15
10 73 23
10 66 40
10 57 20
10 54 18
10 2 13
10 100 31
10 52 31
10 62 36
10 10 23
10 89 45
10 21 22
10 5 48
10 83 44
10 6 21
10 64 41
10 44 45
10 20 34
10 27 11
10 49 38
10 20 26
10 32 18
11 50 37
11 51 48
11 33 28
11 69 45
11 22 27
11 97 19
11 32 25
11 10 29
11 94 38
11 47 42
11 58 15
11 89 37
11 40 37
11 74 37
11 93 45
11 76 33
11 24 21
11 46 49
11 20 27
11 65 23
11 5 44
11 64 42
11 79 48
11 19 17
11 51 40
11 74 47
11 27 23
11 60 39
11 50 24
11 40 45
11 49 40
11 33 20
11 70 26
11 43 20
11 51 47
11 93 37
11 61 23
11 62 48
11 32 30
11 61 34
11 41 24
11 70 40
11 1 17
11 7 12
11 53 37
11 30 33
11 81 18
11 80 35
11 75 29
11 32 14
11 90 15
11 49 19
11 73 20
11 54 32
11 4 36
11 39 34
11 23 39
11 77 47
11 42 23
11 11 27
11 58 50
11 64 12
11 93 34
11 100 29
11 34 27
11 42 50
11 99 24
11 14 42
11 68 45
11 75 14
11 16 19
11 65 31
11 81 30
11 64 16
11 16 33
11 37 25
11 69 42
11 13 14
11 29 38
11 41 44
11 77 31
11 3 43
11 84 14
11 66 34
11 71 45
11 43 23
11 38 13
11 63 25
11 35 33
11 35 21
11 98 41
11 38 42
11 49 37
11 80 23
11 16 36
11 21 40
11 13 50
11 64 35
11 93 42
11 44 39
11 49 48
11 40 16
11 76 48
11 84 38
11 75 40
11 44 49
11 87 37
11 97 50
11 42 20
11 29 40
11 73 21
11 83 23
11 81 30
11 69 44
11 87 18
11 39 26
11 97 40
11 14 35
11 68 22
11 91 35
11 15 28
11 59 47
11 61 24
11 73 21
11 19 36
11 3 12
11 55 12
11 93 36
11 40 12
11 26 20
11 40 19
11 92 32
11 99 16
11 89 34
11 39 42
11 76 20
11 15 25
11 70 23
11 72 17
11 23 46
11 8 30
11 79 40
11 39 15
11 91 13
11 4 42
11 86 26
11 32 35
11 76 18
11 15 15
11 4 42
11 82 15
11 39 28
11 44 35
11 59 31
11 100 43
11 4 24
11 74 14
11 19 26
11 6 21
11 50 12
11 98 33
11 36 39
11 13 13
11 5 23
11 88 39
11 47 26
11 66 12
11 93 13
11 97 19
11 63 46
11 78 27
11 71 21
11 93 15
11 10 33
11 12 45
11 47 29
11 98 45
11 32 14
11 16 49
11 14 41
11 99 38
11 35 22
11 25 39
11 62 27
11 74 37
11 42 35
11 84 22
11 89 14
11 46 21
11 26 36
11 48 27
11 87 19
11 73 15
11 67 26
11 16 38
11 84 18
12 38 29
12 39 30
12 22 13
12 46 31
12 8 23
12 29 24
12 16 15
12 3 36
12 86 21
12 96 19
12 45 45
12 52 33
12 63 35
12 5 44
12 18 13
12 12 41
12 87 24
12 46 50
12 62 47
12 90 48
12 30 39
12 16 46
12 22 30
12 7 47
12 73 23
12 15 20
12 51 36
12 57 39
12 1 37
12 33 48
12 44 29
12 58 21
12 43 44
12 14 40
12 99 35
12 29 39
12 47 20
12 86 44
12 69 35
12 68 17
12 78 36
12 1 43
12 98 23
12 77 28
12 20 39
12 83 32
12 56 42
12 8 35
12 88 32
12 39 13
12 59 14
12 20 21
12 86 34
12 66 44
12 55 26
12 18 25
12 93 38
12 32 32
12 49 43
12 23 36
12 51 44
12 66 40
12 14 24
12 23 24
12 82 25
12 98 28
12 53 33
12 97 31
12 20 17
12 34 47
12 22 36
12 6 47
12 72 21
12 84 26
12 27 50
12 85 49
12 15 26
12 5 43
12 72 13
12 86 20
12 30 23
12 88 16
12 78 34
12 78 21
12 79 27
12 84 19
12 77 28
12 57 20
12 72 22
12 99 19
12 7 30
12 7 43
12 58 17
12 46 31
12 69 19
12 15 35
12 71 46
12 88 21
12 36 41
12 95 33
12 90 47
12 82 43
12 62 31
12 71 47
12 39 28
12 10 45
12 42 43
12 95 18
12 50 47
12 64 33
12 64 27
12 45 38
12 62 25
12 81 29
12 86 43
12 82 23
12 53 21
12 100 16
12 11 25
12 52 49
12 9 31
12 92 46
12 24 48
12 27 45
12 96 50
12 87 47
12 73 22
12 19 45
12 100 18
12 48 14
12 72 35
12 21 41
12 59 38
12 72 39
12 12 20
12 83 46
12 94 20
12 43 46
12 29 34
12 74 24
12 3 31
12 78 25
12 20 23
12 74 35
12 18 45
12 100 36
12 86 22
12 84 47
12 11 32
12 53 24
12 15 25
12 26 26
12 100 36
12 77 33
12 71 13
12 6 47
12 87 45
12 92 20
12 71 15
12 82 30
12 70 20
12 85 20
12 1 29
12 37 38
12 51 29
12 95 42
12 50 38
12 91 29
12 4 17
12 57 13
12 44 17
12 74 34
12 78 42
12 22 16
12 92 38
12 14 43
12 10 34
12 21 14
12 27 47
12 33 19
12 58 14
12 74 46
12 63 35
12 21 41
12 50 29
12 92 15
12 5 30
12 69 29
12 31 48
12 67 45
12 87 21
12 57 38
12 15 39
12 90 16
12 50 17
12 44 46
12 9 27
12 10 17
12 22 31
12 16 29
12 32 25
12 52 47
12 24 49
12 38 37
12 65 47
13 39 33
13 39 44
13 71 21
13 5 27
13 10 46
13 53 41
13 4 42
13 55 32
13 92 49
13 92 39
13 69 43
13 69 43
13 48 38
13 48 36
13 42 14
13 61 30
13 28 43
13 66 44
13 95 47
13 62 23
13 4 24
13 26 30
13 5 27
13 87 40
13 4 42
13 50 21
13 17 21
13 19 42
13 91 22
13 69 46
13 57 45
13 98 37
13 64 17
13 80 49
13 57 48
13 56 38
13 84 31
13 71 27
13 92 23
13 1 32
13 83 48
13 64 25
13 4 31
13 77 41
13 20 26
13 24 46
13 98 24
13 1 15
13 1 24
13 16 35
13 35 40
13 78 38
13 18 17
13 58 28
13 37 35
13 14 30
13 88 14
13 32 38
13 15 43
13 100 33
13 37 15
13 20 40
13 67 28
13 95 49
13 80 25
13 37 50
13 83 22
13 39 16
13 35 40
13 3 17
13 52 50
13 64 35
13 14 28
13 68 24
13 35 15
13 51 47
13 48 46
13 68 44
13 86 14
13 37 34
13 31 26
13 49 20
13 65 33
13 4 25
13 62 47
13 27 16
13 25 26
13 80 27
13 15 34
13 71 16
13 28 40
13 82 24
13 1 47
13 77 38
13 55 21
13 83 15
13 95 16
13 57 23
13 89 36
13 2 17
13 51 37
13 13 32
13 45 32
13 97 20
13 53 43
13 76 41
13 57 32
13 85 31
13 15 21
13 62 45
13 39 14
13 54 37
13 86 17
13 76 30
13 91 41
13 83 15
13 59 44
13 10 44
13 34 39
13 88 29
13 39 35
13 12 43
13 48 35
13 28 28
13 49 27
13 92 38
13 44 25
13 36 32
13 68 43
13 61 16
13 48 48
13 30 27
13 36 20
13 39 42
13 51 28
13 38 42
13 40 28
13 9 45
13 5 38
13 17 50
13 97 49
13 86 28
13 98 30
13 85 49
13 12 41
13 79 20
13 86 44
13 40 34
13 57 27
13 48 33
13 93 16
13 18 47
13 21 49
13 22 40
13 46 43
13 80 22
13 97 33
13 7 16
13 16 31
13 97 16
13 11 15
13 16 34
13 3 50
13 40 33
13 47 25
13 62 42
13 100 25
13 73 43
13 34 17
13 45 19
13 62 47
13 42 18
13 18 39
13 92 47
13 80 27
13 55 34
13 17 26
13 83 26
13 19 48
13 95 45
13 89 48
13 45 46
13 99 22
13 8 45
13 66 34
13 85 39
13 67 24
13 58 33
13 83 29
13 60 31
13 40 20
13 73 43
13 74 43
13 8 45
13 37 41
13 81 27
13 53 26
13 69 25
13 44 50
13 47 44
13 49 21
13 54 44
13 35 40
13 38 17
13 67 24
13 73 31
13 1 19
13 54 31
13 80 21
13 80 38
14 32 44
14 23 15
14 54 40
14 56 23
14 88 37
14 89 34
14 4 26
14 89 17
14 59 20
14 97 31
14 56 28
14 53 28
14 38 47
14 3 32
14 28 27
14 79 18
14 39 44
14 41 15
14 11 45
14 88 16
14 45 26
14 49 19
14 68 30
14 31 38
14 73 16
14 6 25
14 49 38
14 17 45
14 95 50
14 65 41
14 18 25
14 1 33
14 59 40
14 77 36
14 43 15
14 2 41
14 84 19
14 90 30
14 76 22
14 69 50
14 65 34
14 34 24
14 10 33
14 24 34
14 92 42
14 8 37
14 13 23
14 63 26
14 31 50
14 20 39
14 39 29
14 38 16
14 62 50
14 12 21
14 96 28
14 36 44
14 78 27
14 89 44
14 23 24
14 35 15
14 38 17
14 38 45
14 4 40
14 88 25
14 74 28
14 29 32
14 5 30
14 62 30
14 61 42
14 35 44
14 58 32
14 31 46
14 5 15
14 6 49
14 33 27
14 14 28
14 67 20
14 24 33
14 39 33
14 62 24
14 39 30
14 92 15
14 28 47
14 93 47
14 18 44
14 60 41
14 90 36
14 40 50
14 60 26
14 41 48
14 77 35
14 83 18
14 95 25
14 43 41
14 22 42
14 95 46
14 84 26
14 49 31
14 43 47
14 8 24
14 23 20
14 73 34
14 94 28
14 23 29
14 64 34
14 60 24
14 60 28
14 67 28
14 34 42
14 35 49
14 78 25
14 88 34
14 88 21
14 73 24
14 27 15
14 26 36
14 75 29
14 83 38
14 52 49
14 26 24
14 80 30
14 26 27
14 34 20
14 63 30
14 62 35
14 4 15
14 6 30
14 62 26
14 50 33
14 82 42
14 32 24
14 28 40
14 6 26
14 11 31
14 4 35
14 61 33
14 35 46
14 10 38
14 60 43
14 49 40
14 66 16
14 20 34
14 1 24
14 55 19
14 38 20
14 3 18
14 66 31
14 62 29
14 78 23
14 84 29
14 4 31
14 92 28
14 83 23
14 98 30
14 84 16
14 59 25
14 46 35
14 86 34
14 94 44
14 95 48
14 23 41
14 14 40
14 42 22
14 96 38
14 94 32
14 60 15
14 37 41
14 95 24
14 37 41
14 28 43
14 62 47
14 83 19
14 44 49
14 65 27
14 86 38
14 2 26
14 92 47
14 72 48
14 44 29
14 78 21
14 72 36
14 10 47
14 83 30
14 8 28
14 98 48
14 81 31
14 76 29
14 42 46
14 49 34
14 48 25
14 41 40
14 82 45
14 95 33
14 66 34
14 26 46
14 24 31
14 68 20
14 98 42
14 3 44
14 42 21
14 88 25
14 90 18
14 27 17
14 92 46
14 61 15
15 49 44
15 64 18
15 69 26
15 64 28
15 45 49
15 3 45
15 42 18
15 81 39
15 79 27
15 82 49
15 37 41
15 86 33
15 40 45
15 24 34
15 15 19
15 93 40
15 6 21
15 62 33
15 37 39
15 46 50
15 25 50
15 12 37
15 6 23
15 91 37
15 35 26
15 2 41
15 28 48
15 72 39
15 99 27
15 86 17
15 85 16
15 38 45
15 28 46
15 40 25
15 1 35
15 39 42
15 5 33
15 67 45
15 33 40
15 81 47
15 12 39
15 100 34
15 30 26
15 100 29
15 14 40
15 72 25
15 13 21
15 92 38
15 11 16
15 1 24
15 9 17
15 86 19
15 24 27
15 82 48
15 3 34
15 37 48
15 18 32
15 95 27
15 99 32
15 80 37
15 62 38
15 14 20
15 15 17
15 17 48
15 5 26
15 25 38
15 80 44
15 65 20
15 18 30
15 31 28
15 40 21
15 85 35
15 82 38
15 30 45
15 43 30
15 18 42
15 67 38
15 11 39
15 100 18
15 30 31
15 5 48
15 40 18
15 6 32
15 8 36
15 44 47
15 14 20
15 98 28
15 60 33
15 99 28
15 47 26
15 61 49
15 95 47
15 88 28
15 72 38
15 23 25
15 41 17
15 34 31
15 2 43
15 61 18
15 100 46
15 37 43
15 2 16
15 24 18
15 98 45
15 41 25
15 54 42
15 69 32
15 92 38
15 87 45
15 92 24
15 79 32
15 97 50
15 95 19
15 23 29
15 96 20
15 65 46
15 18 41
15 88 45
15 54 18
15 10 43
15 68 37
15 58 34
15 24 49
15 47 25
15 91 28
15 19 20
15 49 41
15 65 37
15 6 22
15 56 22
15 79 30
15 32 34
15 94 30
15 97 34
15 42 43
15 47 38
15 4 16
15 47 22
15 2 45
15 5 23
15 7 23
15 8 19
15 16 50
15 62 48
15 75 17
15 5 32
15 33 16
15 66 42
15 63 26
15 27 27
15 78 47
15 50 19
15 67 17
15 77 21
15 42 16
15 63 33
15 25 36
15 62 43
15 71 16
15 85 45
15 22 48
15 63 25
15 71 38
15 56 28
15 65 16
15 82 20
15 46 49
15 61 20
15 78 29
15 22 45
15 72 25
15 52 19
15 39 20
15 31 36
15 81 25
15 86 34
15 100 36
15 67 28
15 47 50
15 65 36
15 38 16
15 64 40
15 86 25
15 63 18
15 74 30
15 78 21
15 98 34
15 88 36
15 11 49
15 84 41
15 9 46
15 32 35
15 16 40
15 9 19
16 19 24
16 42 48
16 24 46
16 77 41
16 56 37
16 98 22
16 67 26
16 92 28
16 49 19
16 32 25
16 53 41
16 12 38
16 80 44
16 48 49
16 40 18
16 48 49
16 68 45
16 1 25
16 91 36
16 76 35
16 52 46
16 2 48
16 7 40
16 51 50
16 82 34
16 63 44
16 63 23
16 73 18
16 82 22
16 56 35
16 26 35
16 47 29
16 45 28
16 46 39
16 24 33
16 31 33
16 57 24
16 12 38
16 63 41
16 99 35
16 6 25
16 68 48
16 18 41
16 67 48
16 19 38
16 51 36
16 28 40
16 32 48
16 29 31
16 26 28
16 32 49
16 43 31
16 63 40
16 52 50
16 66 17
16 27 30
16 39 36
16 50 27
16 9 17
16 20 30
16 95 26
16 53 25
16 37 36
16 84 32
16 48 40
16 76 40
16 5 48
16 18 46
16 4 21
16 65 40
16 44 38
16 3 46
16 35 23
16 27 49
16 52 27
16 11 50
16 65 19
16 73 40
16 32 44
16 42 26
16 45 34
16 86 19
16 33 45
16 94 46
16 15 27
16 6 20
16 37 44
16 56 47
16 9 26
16 5 18
16 34 25
16 49 30
16 93 47
16 71 20
16 65 22
16 63 26
16 60 45
16 92 24
16 8 36
16 35 33
16 49 37
16 90 19
16 93 26
16 69 36
16 85 30
16 52 17
16 27 45
16 11 46
16 10 37
16 8 31
16 60 42
16 34 31
16 37 31
16 29 39
16 17 33
16 77 35
16 66 34
16 44 32
16 61 17
16 80 42
16 59 33
16 50 48
16 86 49
16 31 46
16 51 31
16 51 27
16 92 46
16 70 36
16 75 48
16 81 33
16 28 21
16 85 26
16 45 27
16 73 26
16 40 46
16 27 42
16 75 40
16 86 33
16 69 45
16 87 40
16 12 24
16 18 27
16 81 39
16 99 18
16 8 38
16 58 28
16 19 41
16 72 50
16 73 33
16 14 20
16 18 46
16 23 43
16 34 41
16 89 33
16 2 22
16 35 34
16 69 21
16 18 47
16 4 46
16 92 43
16 55 30
16 22 38
16 94 34
16 64 25
16 65 33
16 80 23
16 62 26
16 71 44
16 46 32
16 3 28
16 23 31
16 50 26
16 12 44
16 74 41
16 79 48
16 55 47
16 99 32
16 93 32
16 26 37
16 60 48
16 62 34
16 52 34
16 25 42
16 25 18
17 16 20
17 69 41
17 74 35
17 47 32
17 95 35
17 27 43
17 26 34
17 64 43
17 22 21
17 52 38
17 31 40
17 88 40
17 9 33
17 16 23
17 69 20
17 22 38
17 43 37
17 47 29
17 60 25
17 68 46
17 49 43
17 43 41
17 21 34
17 90 22
17 54 46
17 64 29
17 56 24
17 24 39
17 23 23
17 58 49
17 26 49
17 38 39
17 74 33
17 18 20
17 67 39
17 36 34
17 88 46
17 98 39
17 78 45
17 87 40
17 56 47
17 89 36
17 45 38
17 76 46
17 21 23
17 63 43
17 93 26
17 34 22
17 62 24
17 15 43
17 42 44
17 29 37
17 7 27
17 27 18
17 81 37
17 22 45
17 3 30
17 95 22
17 69 26
17 22 20
17 13 46
17 44 30
17 76 40
17 83 26
17 42 48
17 58 45
17 36 19
17 97 33
17 84 33
17 100 24
17 81 44
17 67 19
17 41 30
17 12 39
17 71 33
17 76 24
17 10 42
17 94 49
17 27 35
17 18 48
17 92 36
17 22 29
17 94 25
17 94 45
17 76 48
17 38 36
17 81 21
17 81 44
17 32 32
17 78 44
17 42 41
17 61 43
17 13 35
17 17 45
17 28 41
17 15 36
17 57 21
17 44 44
17 92 25
17 3 39
17 1 21
17 89 40
17 100 26
17 86 35
17 55 40
17 43 26
17 13 49
17 2 34
17 4 50
17 38 35
17 10 43
17 40 21
17 38 34
17 88 43
17 90 49
17 61 30
17 62 35
17 53 35
17 25 40
17 96 25
17 81 45
17 45 31
17 50 48
17 9 46
17 49 28
17 66 47
17 52 38
17 85 23
17 51 45
17 36 45
17 4 28
17 38 24
17 27 37
17 33 36
17 56 39
17 54 28
17 80 29
17 90 43
17 81 45
17 58 44
17 36 24
17 70 48
17 50 20
17 19 33
17 66 26
17 82 36
17 46 26
17 74 32
17 46 28
17 8 23
17 24 45
17 65 40
17 83 48
17 40 43
17 41 30
17 52 42
17 24 37
17 32 44
17 54 41
17 2 49
17 34 24
17 15 27
17 96 27
17 16 30
17 58 37
17 85 27
17 57 41
17 69 27
17 36 48
17 7 46
17 32 41
17 29 39
17 81 28
17 4 27
17 44 39
17 55 42
17 72 19
17 86 36
17 42 39
17 32 37
17 71 44
17 3 47
17 97 28
17 31 30
17 96 20
17 98 35
17 32 40
17 26 30
17 74 27
17 97 34
18 2 34
18 6 43
18 17 49
18 81 20
18 32 45
18 35 42
18 22 39
18 17 50
18 86 27
18 2 31
18 34 29
18 16 23
18 18 40
18 74 27
18 80 26
18 49 31
18 48 40
18 38 28
18 68 40
18 58 47
18 93 25
18 25 23
18 87 41
18 7 44
18 93 29
18 61 44
18 57 35
18 29 23
18 38 26
18 33 32
18 70 36
18 54 30
18 28 41
18 22 47
18 72 50
18 42 47
18 39 33
18 17 40
18 18 25
18 5 49
18 31 48
18 79 23
18 6 22
18 69 50
18 68 42
18 79 43
18 21 19
18 15 46
18 10 49
18 26 36
18 43 46
18 76 40
18 50 21
18 24 20
18 59 24
18 21 23
18 65 23
18 97 44
18 39 47
18 93 29
18 51 36
18 76 50
18 14 40
18 62 46
18 23 20
18 26 40
18 67 42
18 99 36
18 91 40
18 69 45
18 35 48
18 38 23
18 61 45
18 17 21
18 93 20
18 62 31
18 76 25
18 54 40
18 66 25
18 40 40
18 59 27
18 94 49
18 70 31
18 88 37
18 5 40
18 86 26
18 91 35
18 62 23
18 36 47
18 70 46
18 98 25
18 37 20
18 59 38
18 64 31
18 18 25
18 95 41
18 81 39
18 12 36
18 100 41
18 43 24
18 59 24
18 11 48
18 35 46
18 52 29
18 28 42
18 40 45
18 64 49
18 49 29
18 29 46
18 81 25
18 72 27
18 33 44
18 51 50
18 3 43
18 87 24
18 52 21
18 18 32
18 18 28
18 49 29
18 38 48
18 15 34
18 58 47
18 47 33
18 34 25
18 82 36
18 63 43
18 74 37
18 65 20
18 26 49
18 64 47
18 15 20
18 76 23
18 76 23
18 45 36
18 51 50
18 13 26
18 21 31
18 14 44
18 1 19
18 24 44
18 99 44
18 10 22
18 90 26
18 66 41
18 74 27
18 24 36
18 34 45
18 1 27
18 24 42
18 47 31
18 19 49
18 79 30
18 68 27
18 3 44
18 52 42
18 7 43
18 90 39
18 80 35
18 79 50
18 3 41
18 32 22
18 15 35
18 93 32
18 32 20
18 56 34
18 74 39
18 89 47
18 70 28
18 19 37
18 28 43
18 32 41
18 94 40
18 9 32
18 7 27
18 19 42
18 7 42
18 3 41
18 73 46
18 83 47
18 31 22
18 86 27
18 53 36
18 74 33
18 11 49
18 65 44
18 37 30
18 99 37
18 57 26
18 2 40
18 92 34
18 54 34
18 77 29
18 48 36
18 66 42
18 63 50
18 88 45
18 47 30
18 25 31
18 45 39
18 17 48
18 41 46
18 37 36
18 36 23
18 83 19
18 45 28
18 78 34
18 40 40
18 68 22
18 62 20
18 27 29
18 30 24
18 80 25
18 64 37
18 7 29
18 22 22
18 1 30
18 74 39
18 68 46
18 83 38
18 38 23
18 88 19
18 14 21
18 50 29
18 75 44
18 93 39
18 54 20
18 87 32
18 53 40
18 64 30
18 21 43
18 47 19
18 4 28
18 55 23
18 91 41
19 1 48
19 69 33
19 96 31
19 38 30
19 64 47
19 71 29
19 70 39
19 83 48
19 96 24
19 42 41
19 48 27
19 4 37
19 42 27
19 24 26
19 73 38
19 55 23
19 51 46
19 54 49
19 24 29
19 6 41
19 8 28
19 72 24
19 15 24
19 98 36
19 79 36
19 75 33
19 85 24
19 66 39
19 24 21
19 84 27
19 14 33
19 69 44
19 51 46
19 49 47
19 64 22
19 30 49
19 80 22
19 23 46
19 11 45
19 28 24
19 47 40
19 9 44
19 47 40
19 21 31
19 92 39
19 9 41
19 45 39
19 43 21
19 10 30
19 26 33
19 94 24
19 6 37
19 63 22
19 85 41
19 10 43
19 17 35
19 21 48
19 24 21
19 26 20
19 92 25
19 73 49
19 14 28
19 13 38
19 13 29
19 89 43
19 85 44
19 76 47
19 53 41
19 25 36
19 25 21
19 81 34
19 86 28
19 23 21
19 37 20
19 59 40
19 21 38
19 42 20
19 69 45
19 35 38
19 13 30
19 5 45
19 43 27
19 58 27
19 84 47
19 92 21
19 56 22
19 95 43
19 27 50
19 89 38
19 13 47
19 66 40
19 55 28
19 53 42
19 44 41
19 89 48
19 89 36
19 38 39
19 29 47
19 37 30
19 72 36
19 22 21
19 29 35
19 93 37
19 19 43
19 82 35
19 35 25
19 8 48
19 98 43
19 15 50
19 11 32
19 68 42
19 24 36
19 77 25
19 6 33
19 47 35
19 12 23
19 8 27
19 24 30
19 74 30
19 98 40
19 91 38
19 37 36
19 56 37
19 10 21
19 17 34
19 95 30
19 21 31
19 59 39
19 40 31
19 52 30
19 6 50
19 25 43
19 33 50
19 97 23
19 7 25
19 3 30
19 14 47
19 90 36
19 77 37
19 42 29
19 81 25
19 51 27
19 15 28
19 22 20
19 63 42
19 9 49
19 44 20
19 13 28
19 17 46
19 81 38
19 27 40
19 85 32
19 49 28
19 73 28
19 61 47
19 52 38
19 6 34
19 13 50
19 93 39
19 85 27
19 81 35
19 28 31
19 86 20
19 36 47
19 76 22
19 1 22
19 75 48
19 92 32
19 2 32
19 29 28
19 35 22
19 79 22
19 94 39
19 64 43
19 76 38
19 56 39
19 27 42
19 28 38
19 82 25
19 92 37
19 84 28
19 48 42
19 88 24
19 5 41
19 34 40
19 69 32
19 70 24
19 14 48
19 92 44
19 24 28
19 91 42
19 18 33
19 11 20
19 21 34
19 81 38
19 34 42
19 57 45
19 7 44
19 10 26
19 98 48
19 64 26
19 18 33
19 33 43
19 66 26
19 5 29
19 89 21
19 42 31
19 24 29
19 17 49
19 49 36
19 92 45
19 49 48
19 81 24
19 55 24
20 96 30
20 34 50
20 78 42
20 97 27
20 14 35
20 95 31
20 97 47
20 88 46
20 91 30
20 14 25
20 85 26
20 99 28
20 37 28
20 71 36
20 73 34
20 50 39
20 68 31
20 81 36
20 94 49
20 30 22
20 71 46
20 1 34
20 63 33
20 27 34
20 32 30
20 49 39
20 59 38
20 8 36
20 56 30
20 45 37
20 79 41
20 68 44
20 79 50
20 56 33
20 83 47
20 92 31
20 63 24
20 28 22
20 88 25
20 13 34
20 7 28
20 49 27
20 76 42
20 79 23
20 48 35
20 95 23
20 69 40
20 17 46
20 59 43
20 73 31
20 93 38
20 67 41
20 80 34
20 51 44
20 15 21
20 74 45
20 63 33
20 31 41
20 71 24
20 69 49
20 39 36
20 18 25
20 17 21
20 30 50
20 69 38
20 80 40
20 100 47
20 12 32
20 40 23
20 44 26
20 40 30
20 77 21
20 9 39
20 65 33
20 6 47
20 59 33
20 5 29
20 41 21
20 52 44
20 79 29
20 62 48
20 88 33
20 34 26
20 41 37
20 77 28
20 2 21
20 23 33
20 71 40
20 1 45
20 23 29
20 14 47
20 77 49
20 27 46
20 2 41
20 25 34
20 27 33
20 93 25
20 5 45
20 95 49
20 72 32
20 41 24
20 58 24
20 49 24
20 33 24
20 77 38
20 10 44
20 8 23
20 39 42
20 15 45
20 86 32
20 60 46
20 20 49
20 90 30
20 8 25
20 99 31
20 12 41
20 27 35
20 27 37
20 40 37
20 35 49
20 29 21
20 60 38
20 73 38
20 49 42
20 90 21
20 9 41
20 99 33
20 90 46
20 3 37
20 39 29
20 69 37
20 98 35
20 74 31
20 75 47
20 28 38
20 10 49
20 49 29
20 26 46
20 15 46
20 29 45
20 10 21
20 6 46
20 72 40
20 49 39
20 88 28
20 16 21
20 88 48
20 51 38
20 8 31
20 37 39
20 17 25
20 60 39
20 45 42
20 9 35
20 66 21
20 82 34
20 48 34
20 62 32
20 42 36
20 65 46
20 20 32
20 55 41
20 82 32
20 50 48
20 36 44
20 87 49
20 66 41
20 5 50
20 44 36
20 89 40
20 87 30
20 7 29
20 32 40
20 4 35
20 44 30
20 56 50
20 8 29
20 94 21
20 17 41
20 67 29
20 5 44
20 82 26
20 29 22
20 7 27
20 38 32
20 18 39
21 65 35
21 25 48
21 93 42
21 80 41
21 44 45
21 67 33
21 10 48
21 46 37
21 27 49
21 19 45
21 72 24
21 39 25
21 79 38
21 45 47
21 52 43
21 35 24
21 36 32
21 84 49
21 4 30
21 27 47
21 64 50
21 7 40
21 36 40
21 4 46
21 51 47
21 53 43
21 20 43
21 39 43
21 23 33
21 52 48
21 89 30
21 48 32
21 42 43
21 91 28
21 79 37
21 29 37
21 81 32
21 31 34
21 88 33
21 21 46
21 26 35
21 3 40
21 95 25
21 35 30
21 43 22
21 31 35
21 91 28
21 37 39
21 6 25
21 94 35
21 85 40
21 25 42
21 1 45
21 29 42
21 17 47
21 8 32
21 17 36
21 3 45
21 33 37
21 91 47
21 17 24
21 68 40
21 86 24
21 2 46
21 16 48
21 59 29
21 69 33
21 38 30
21 21 27
21 78 35
21 85 29
21 96 29
21 53 41
21 81 25
21 30 34
21 21 33
21 80 33
21 71 26
21 59 35
21 88 41
21 22 27
21 42 39
21 44 30
21 99 42
21 35 36
21 65 43
21 38 41
21 16 31
21 76 28
21 65 48
21 38 30
21 22 42
21 37 30
21 44 35
21 65 27
21 88 25
21 58 42
21 44 23
21 83 38
21 86 42
21 44 32
21 30 49
21 35 37
21 58 28
21 50 34
21 58 46
21 94 28
21 38 32
21 3 26
21 83 35
21 51 23
21 14 42
21 8 28
21 94 42
21 6 44
21 11 40
21 10 49
21 66 41
21 82 39
21 97 29
21 99 36
21 59 47
21 65 25
21 4 46
21 38 35
21 81 33
21 58 39
21 60 27
21 85 46
21 5 40
21 66 42
21 29 43
21 36 34
21 12 48
21 17 38
21 90 31
21 16 45
21 6 26
21 53 27
21 8 48
21 96 37
21 8 31
21 67 22
21 55 46
21 94 47
21 71 39
21 71 22
21 18 45
21 100 39
21 58 35
21 39 44
21 49 37
21 20 44
21 25 41
21 5 36
21 46 46
21 30 39
21 16 30
21 30 43
21 17 31
21 51 46
21 53 28
21 98 22
21 10 42
21 52 44
21 82 34
21 13 40
21 99 49
21 22 46
21 68 32
21 84 50
21 86 24
21 76 41
21 78 35
21 13 39
21 41 28
21 67 32
21 34 40
21 14 35
21 57 50
21 89 42
21 10 23
21 71 27
21 52 34
22 13 26
22 2 23
22 81 24
22 94 46
22 89 31
22 94 25
22 82 39
22 69 27
22 71 43
22 18 30
22 38 40
22 89 26
22 60 29
22 60 36
22 64 28
22 16 43
22 49 23
22 77 24
22 39 30
22 5 34
22 70 50
22 36 23
22 54 34
22 33 25
22 66 40
22 24 42
22 94 25
22 54 31
22 20 29
22 13 50
22 92 35
22 100 23
22 14 38
22 54 29
22 79 24
22 46 49
22 84 45
22 40 43
22 82 31
22 26 42
22 37 27
22 32 50
22 52 34
22 91 48
22 90 47
22 14 33
22 74 47
22 95 32
22 98 26
22 51 24
22 24 47
22 74 43
22 62 33
22 42 44
22 21 45
22 85 49
22 12 36
22 86 44
22 18 49
22 31 44
22 84 33
22 74 45
22 56 37
22 94 33
22 48 29
22 19 50
22 27 49
22 56 39
22 96 34
22 78 36
22 98 26
22 64 30
22 61 31
22 88 38
22 61 50
22 39 29
22 97 27
22 4 50
22 9 39
22 8 35
22 57 28
22 32 39
22 81 42
22 69 31
22 70 45
22 65 35
22 83 41
22 37 35
22 34 36
22 14 37
22 25 49
22 77 27
22 38 32
22 42 41
22 53 26
22 89 34
22 12 34
22 62 50
22 49 45
22 17 31
22 64 36
22 6 47
22 1 45
22 26 23
22 100 28
22 60 37
22 10 43
22 6 45
22 23 23
22 2 24
22 97 46
22 66 24
22 20 31
22 74 43
22 7 33
22 91 36
22 84 26
22 79 47
22 18 45
22 24 31
22 48 35
22 88 45
22 40 41
22 10 23
22 9 49
22 81 24
22 41 41
22 57 33
22 3 24
22 5 43
22 66 28
22 98 35
22 11 32
22 36 40
22 57 48
22 47 48
22 18 43
22 35 39
22 52 49
22 48 43
22 93 50
22 25 31
22 7 46
22 38 25
22 12 35
22 36 25
22 62 39
22 100 38
22 16 38
22 70 29
22 1 48
22 16 34
22 5 42
22 25 28
22 28 50
22 100 39
22 35 32
22 99 49
22 62 29
22 27 40
22 36 48
22 65 39
22 8 26
22 20 49
22 47 36
22 72 30
22 68 33
22 22 35
22 27 28
22 84 37
22 56 46
22 56 42
22 25 44
22 70 31
22 62 43
22 97 46
22 44 41
22 27 48
22 97 33
22 35 29
22 3 46
22 41 47
22 98 34
22 56 24
22 81 47
22 60 30
22 95 37
22 8 35
22 9 42
22 70 38
22 67 25
22 75 26
22 52 40
22 74 25
22 97 46
22 21 39
23 56 46
23 25 25
23 72 29
23 10 31
23 49 50
23 83 25
23 90 30
23 98 29
23 91 49
23 36 32
23 25 42
23 40 49
23 90 48
23 89 24
23 49 24
23 23 24
23 6 43
23 20 46
23 6 38
23 26 34
23 28 31
23 33 47
23 45 45
23 51 41
23 52 28
23 22 43
23 92 50
23 70 35
23 71 38
23 80 39
23 15 31
23 5 46
23 51 26
23 43 48
23 4 45
23 29 40
23 32 24
23 2 24
23 16 49
23 84 27
23 14 32
23 73 47
23 91 48
23 67 29
23 13 45
23 49 50
23 18 40
23 22 31
23 57 29
23 86 45
23 13 26
23 76 32
23 90 36
23 78 43
23 54 47
23 59 41
23 44 33
23 33 43
23 95 24
23 34 30
23 71 42
23 82 38
23 28 42
23 14 37
23 32 30
23 13 32
23 24 50
23 92 40
23 60 50
23 53 45
23 41 29
23 36 46
23 30 39
23 3 37
23 25 27
23 13 42
23 45 24
23 31 32
23 100 50
23 31 45
23 34 33
23 81 50
23 62 35
23 95 50
23 22 38
23 85 38
23 43 47
23 94 37
23 60 35
23 70 28
23 17 39
23 44 31
23 5 40
23 30 42
23 32 37
23 51 40
23 65 30
23 36 29
23 76 43
23 8 29
23 27 28
23 96 40
23 60 41
23 27 41
23 76 42
23 5 41
23 90 47
23 60 46
23 26 42
23 59 40
23 13 26
23 20 49
23 52 47
23 60 41
23 52 41
23 68 32
23 47 36
23 41 36
23 41 33
23 71 31
23 41 25
23 37 50
23 36 45
23 92 42
23 84 48
23 74 34
23 45 49
23 25 40
23 99 31
23 30 34
23 93 47
23 22 43
23 51 41
23 20 40
23 48 37
23 45 38
23 99 40
23 42 46
23 8 36
23 76 26
23 7 46
23 63 44
23 84 49
23 33 45
23 56 31
23 74 32
23 32 38
23 43 39
23 32 26
23 29 50
23 18 29
23 80 48
23 43 38
23 88 27
23 25 33
23 45 31
23 83 43
23 88 44
23 38 26
23 27 42
23 69 50
23 31 34
23 100 41
23 34 26
23 49 50
23 97 26
23 36 44
23 33 29
23 78 49
23 88 36
23 18 26
23 100 44
23 35 36
23 98 26
23 92 24
23 75 32
23 89 24
23 61 37
23 2 48
23 77 43
23 12 32
23 87 35
23 94 44
23 50 42
23 96 49
23 100 39
23 98 42
23 61 30
23 9 37
23 36 44
23 26 45
23 20 37
23 87 47
23 89 37
23 89 30
23 96 31
23 83 40
23 46 35
23 69 37
23 2 31
23 66 49
23 42 38
23 36 30
23 87 28
23 81 24
23 57 24
24 26 34
24 23 34
24 21 47
24 74 35
24 86 50
24 98 31
24 13 34
24 38 36
24 67 47
24 81 31
24 100 44
24 15 26
24 39 43
24 89 31
24 89 34
24 33 46
24 92 37
24 55 35
24 4 47
24 40 27
24 34 38
24 79 46
24 65 34
24 18 31
24 2 45
24 74 28
24 34 29
24 80 49
24 63 50
24 92 38
24 61 34
24 43 28
24 44 31
24 73 42
24 15 35
24 66 42
24 21 50
24 97 32
24 42 30
24 48 50
24 78 42
24 31 47
24 53 29
24 87 29
24 94 34
24 95 29
24 53 39
24 8 40
24 24 34
24 8 46
24 70 49
24 47 42
24 28 44
24 77 49
24 40 39
24 27 31
24 10 39
24 17 28
24 32 34
24 31 41
24 69 26
24 14 32
24 85 41
24 70 28
24 27 29
24 47 44
24 28 31
24 5 30
24 61 25
24 60 41
24 36 46
24 7 44
24 43 28
24 3 25
24 99 39
24 63 27
24 49 39
24 18 35
24 6 27
24 62 34
24 2 50
24 44 43
24 25 33
24 91 49
24 57 27
24 25 43
24 52 43
24 58 32
24 81 44
24 97 30
24 67 42
24 26 26
24 88 36
24 86 41
24 69 47
24 38 38
24 84 33
24 48 41
24 31 33
24 64 41
24 3 42
24 57 44
24 72 25
24 22 36
24 66 36
24 16 40
24 99 25
24 76 30
24 78 37
24 60 26
24 19 31
24 85 38
24 12 25
24 13 50
24 80 49
24 15 31
24 14 31
24 38 34
24 61 43
24 50 28
24 66 33
24 85 32
24 86 47
24 48 29
24 8 29
24 98 40
24 31 46
24 72 47
24 73 41
24 48 28
24 14 42
24 95 42
24 47 43
24 94 29
24 66 29
24 97 27
24 18 32
24 93 42
24 78 33
24 93 46
24 95 36
24 76 30
24 47 47
24 58 49
24 32 27
24 74 44
24 65 42
24 100 44
24 28 47
24 87 26
24 15 32
24 23 46
24 25 50
24 62 40
24 50 27
24 48 26
24 61 44
24 29 34
24 29 27
24 2 40
24 31 36
24 81 27
24 85 45
24 41 50
24 50 27
24 53 48
24 8 50
24 20 48
24 25 33
24 63 49
24 8 27
24 6 50
24 67 39
24 61 45
24 63 44
24 34 35
24 55 43
24 52 39
24 13 45
24 85 50
24 78 30
24 44 47
24 1 46
24 5 49
24 100 46
24 12 48
24 67 29
24 85 38
24 74 50
24 74 35
24 65 28
24 81 41
24 4 43
24 26 44
24 9 31
24 23 29
24 66 30
24 46 41
24 61 49
24 5 41
24 89 32
24 66 38
24 54 41
24 97 39
24 46 33
24 71 41
24 38 43
24 20 34
25 88 31
25 14 39
25 49 40
25 68 46
25 94 36
25 95 27
25 42 29
25 8 50
25 16 32
25 92 49
25 26 45
25 69 50
25 100 27
25 11 44
25 50 40
25 74 48
25 64 34
25 51 35
25 77 34
25 9 35
25 99 47
25 64 33
25 5 38
25 24 47
25 90 46
25 59 37
25 100 35
25 93 39
25 67 28
25 90 45
25 16 27
25 34 48
25 95 33
25 59 47
25 66 32
25 52 26
25 56 27
25 91 47
25 91 37
25 43 32
25 71 35
25 84 33
25 63 44
25 14 30
25 5 50
25 17 28
25 33 44
25 54 26
25 51 40
25 88 43
25 29 43
25 96 34
25 19 33
25 49 43
25 41 37
25 34 50
25 2 43
25 97 43
25 48 28
25 18 45
25 72 33
25 95 44
25 76 46
25 48 42
25 51 49
25 29 43
25 92 35
25 3 30
25 31 32
25 62 50
25 78 41
25 33 47
25 42 27
25 68 35
25 55 50
25 28 49
25 16 33
25 4 26
25 16 45
25 15 32
25 93 47
25 76 38
25 61 34
25 65 39
25 83 42
25 30 41
25 48 49
25 41 34
25 67 27
25 34 50
25 28 45
25 74 32
25 91 32
25 57 48
25 13 29
25 25 32
25 65 44
25 60 29
25 97 45
25 21 38
25 70 42
25 28 42
25 26 45
25 22 27
25 25 32
25 68 43
25 41 47
25 100 42
25 5 41
25 63 48
25 93 30
25 5 37
25 3 28
25 87 35
25 24 38
25 95 41
25 2 26
25 93 27
25 55 46
25 84 39
25 5 31
25 33 50
25 35 30
25 15 40
25 65 27
25 67 31
25 68 27
25 46 39
25 51 48
25 40 41
25 80 35
25 88 31
25 36 43
25 3 31
25 84 38
25 92 47
25 52 41
25 75 28
25 11 34
25 7 42
25 10 45
25 15 47
25 19 43
25 31 45
25 76 30
25 36 50
25 11 29
25 89 29
25 84 42
25 18 47
25 75 38
25 83 50
25 31 31
25 21 41
25 4 30
25 45 28
25 14 48
25 11 30
25 70 28
25 44 33
25 31 49
25 52 45
25 89 33
25 91 37
25 53 49
